T: 30
start_lr_w: 0.0005477
start_lr_h: 0.06326
trans_mult: 15.12
decay_rate: 0.9003


lr_w': 0.00026449884338706326, 'lr_h': 0.0725970314805005, 'trans_mult': 17.728265877728912, 'decay_rate': 0.8954729235678038}. Best is trial 72 with value: 1.0.

'lr_w': 0.000547688333681884, 'lr_h': 0.06326247706995779, 'trans_mult': 15.11906838164396, 'decay_rate': 0.9003267242809794