T: 30
start_lr_w: 0.001908
start_lr_h: 0.0003684
trans_mult: 7.975
decay_rate: 0.9006


Trial 14 finished with value: 1.0 and parameters: {'lr_w': 0.0019083205418135595, 'lr_h': 0.0003684600599863479, 'trans_mult': 7.975469746339343, 'decay_rate': 0.9005673080976662}.
