T: 30
start_lr_w: 0.0004868
start_lr_h: 0.04218
trans_mult: 11.96
decay_rate: 0.9328


Best is trial 0 with value: 0.9956597685813904
lr_w': 0.0004868, 'lr_h': 0.04218, 'trans_mult': 11.96, 'decay_rate': 0.9328}. Best is trial 0 with value: 1.
