T: 30
start_lr_w: 0.0001051
start_lr_h: 0.01503
trans_mult: 18.50
decay_rate: 0.8810


Trial 78 finished with value: 0.9926216006278992 and parameters: {'lr_w': 0.00010508225104429108, 'lr_h': 0.015032324148135021, 'trans_mult': 18.496057055674637, 'decay_rate': 0.8809514588643986}. Best is trial 78 with value: 0.9926216006278992.