acc=0.950086772441864
T=30
start_lr_w=0.00036340663921615894
start_lr_h=0.09157391394687117
trans_mult=7.474791510505344
decay_rate=0.9340315443346907