
T: 30
start_lr_w: 0.0002273
start_lr_h: 0.03067
trans_mult: 8.374
decay_rate: 0.8956



Trial 22 finished with value: 0.9926214814186096 and parameters: {'lr_w': 0.00022734667916181055, 'lr_h': 0.03066963314640821, 'trans_mult': 8.374067544934103, 'decay_rate': 0.8956461608766638}. Best is trial 22 with value: 0.9926214814186096.