T: 30
start_lr_w: 0.0001187
start_lr_h: 0.07993
trans_mult: 8.277
decay_rate: 0.9234





lr_w': 0.00011865672286394116, 'lr_h': 0.07993313403069029, 'trans_mult': 8.277197296421228, 'decay_rate': 0.9234445615772429}. Best is trial 89 with value: 0.9756944179534912

'lr_w': 0.0008559733112198682, 'lr_h': 0.0003703448049605641, 'trans_mult': 4.8880161599287675, 'decay_rate': 0.9858703938165162 
trial accuracy: 0.9735243320465088