
T: 30
start_lr_w: 0.0001396
start_lr_h: 0.02464
trans_mult: 10.69
decay_rate: 0.9189



Trial 34 finished with value: 0.9943576455116272 and parameters: {'lr_w': 0.0001396132218284278, 'lr_h': 0.02464251212226747, 'trans_mult': 10.688635772092198, 'decay_rate': 0.9189344075999231}.