T: 30
start_lr_w: 0.0001435
start_lr_h: 0.0001345
trans_mult: 12.78
decay_rate: 0.9895


lr_w': 0.00014345649140807464, 'lr_h': 0.00013451555718410556, 'trans_mult': 12.777038598272961, 'decay_rate': 0.9894644936080836. Best is trial 1 with value: 0.9930555820465088