T: 30
start_lr_w: 7.284e-05
start_lr_h: 0.1513
trans_mult: 14.13
decay_rate: 0.8580


'lr_w': 8.809503910533658e-05, 'lr_h': 0.11602515134217764, 'trans_mult': 12.138492883620938, 'decay_rate': 0.8781158497619114}. Best is trial 31 with value: 0.9978299140930176.



'lr_w': 7.284448718279943e-05, 'lr_h': 0.15134363342414237, 'trans_mult': 14.132064552447623, 'decay_rate': 0.857996806138651
accuracy: 1.0