T: 28
start_lr_w: 0.0002671
start_lr_h: 0.05280
trans_mult: 16.29
decay_rate: 0.8569



'lr_w': 0.0002670796204685566, 'lr_h': 0.05279830536316514, 'trans_mult': 16.28871821433329, 'decay_rate': 0.8569351573798559}. Best is trial 0 with value: 1.0