T: 30
start_lr_w: 7.904e-05
start_lr_h: 0.03669
trans_mult: 9.844
decay_rate: 0.9573


Best is trial 15 with value: 0.9952256679534912